13531997119323
50054629404324
45092064572325
23673431186326
18340537577327
71216920630328
70836106181320
27338157288321
78993681356322
13531897219323
50054529504324
45091964672325
23673331286326
18340437677327
71216820730328
35516983205329
27338057388321
78993581456322
13531797319323
50054429604324
45091864772325
23673231386326
18340337777327
71216720830328
35516883305329
70837006281320
78993481556322
13531697419323
50054329704324
45091764872325
23673131486326
18340237877327
71216620930328
35516783405329
70836906381320
27338957488321
13531597519323
50054229804324
45091664972325
23673031586326
18340137977327
71216521030328
35516683505329
70836806481320
27338857588321
78994381656322
50054129904324
45091565072325
23672931686326
18340038077327
71216421130328
35516583605329
70836706581320
27338757688321
78994281756322
13532497619323
23672730786426
18339837177427
71216220230428
35516382705429
70836505681420
27338556788421
78994080856422
13532296719423
50054929004424
45092364172425
18339737277427
71216120330428
35516282805429
70836405781420
27338456888421
78993980956422
13532196819423
50054829104424
45092264272425
23673630886426
71216020430428
35516182905429
70836305881420
27338356988421
78993881056422
13532096919423
50054729204424
45092164372425
23673530986426
18340637377427
35516083005429
70836205981420
27338257088421
78993781156422
13531997019423
50054629304424
45092064472425
23673431086426
18340537477427
71216920530428
70836106081420
27338157188421
78993681256422
13531897119423
