45091864572525
23673231186526
18340337577527
71216720630528
35516883105529
70837006081520
78993481356522
13531697219523
50054329504524
45091764672525
23673131286526
18340237677527
71216620730528
35516783205529
70836906181520
27338957288521
13531597319523
50054229604524
45091664772525
23673031386526
18340137777527
71216520830528
35516683305529
70836806281520
27338857388521
78994381456522
50054129704524
45091564872525
23672931486526
18340037877527
71216420930528
35516583405529
70836706381520
27338757488521
78994281556522
13532497419523
45091464972525
23672831586526
18339937977527
71216321030528
35516483505529
70836606481520
27338657588521
78994181656522
13532397519523
50055029804524
23672731686526
18339838077527
71216221130528
35516383605529
70836506581520
27338557688521
78994081756522
13532297619523
50054929904524
45092365072525
71216020230628
35516182705629
70836305681620
27338356788621
78993880856622
13532096719623
50054729004624
45092164172625
23673530786626
18340637177627
35516082805629
70836205781620
27338256888621
78993780956622
13531996819623
50054629104624
45092064272625
23673430886626
18340537277627
71216920330628
70836105881620
27338156988621
78993681056622
13531896919623
50054529204624
45091964372625
23673330986626
18340437377627
71216820430628
35516982905629
27338057088621
78993581156622
13531797019623
50054429304624
45091864472625
23673231086626
18340337477627
71216720530628
35516883005629
70837005981620
78993481256622
13531697119623
50054329404624
45091764572625
