50054529404424
45091964572425
23673331186426
18340437577427
71216820630428
35516983105429
27338057288421
78993581356422
13531797219423
50054429504424
45091864672425
23673231286426
18340337677427
71216720730428
35516883205429
70837006181420
78993481456422
13531697319423
50054329604424
45091764772425
23673131386426
18340237777427
71216620830428
35516783305429
70836906281420
27338957388421
13531597419423
50054229704424
45091664872425
23673031486426
18340137877427
71216520930428
35516683405429
70836806381420
27338857488421
78994381556422
50054129804424
45091564972425
23672931586426
18340037977427
71216421030428
35516583505429
70836706481420
27338757588421
78994281656422
13532497519423
45091465072425
23672831686426
18339938077427
71216321130428
35516483605429
70836606581420
27338657688421
78994181756422
13532397619423
50055029904424
18339737177527
71216120230528
35516282705529
70836405681520
27338456788521
78993980856522
13532196719523
50054829004524
45092264172525
23673630786526
71216020330528
35516182805529
70836305781520
27338356888521
78993880956522
13532096819523
50054729104524
45092164272525
23673530886526
18340637277527
35516082905529
70836205881520
27338256988521
78993781056522
13531996919523
50054629204524
45092064372525
23673430986526
18340537377527
71216920430528
70836105981520
27338157088521
78993681156522
13531897019523
50054529304524
45091964472525
23673331086526
18340437477527
71216820530528
35516983005529
27338057188521
78993581256522
13531797119523
50054429404524
